{
 "cells": [
  {
   "cell_type": "code",
   "execution_count": 1,
   "metadata": {},
   "outputs": [
    {
     "name": "stdout",
     "output_type": "stream",
     "text": [
      "(4.0, [0, 2, 3, 1])\n",
      "(4.0, [0, 2, 3, 1])\n",
      "<class 'list'>\n"
     ]
    }
   ],
   "source": [
    "import tsp\n",
    "t = tsp.tsp([(0,0), (0,1), (1,0), (1,1)])\n",
    "print(t)\n",
    "\n",
    "mat = [[  0,   1, 1, 1.5],\n",
    "       [  1,   0, 1.5, 1],\n",
    "       [  1, 1.5,   0, 1],\n",
    "       [1.5,   1,   1, 0]]\n",
    "r = range(len(mat))\n",
    "\n",
    "dist = {(i, j): mat[i][j] for i in r for j in r}\n",
    "print(tsp.tsp(r, dist))\n",
    "print(type(mat))"
   ]
  },
  {
   "cell_type": "code",
   "execution_count": 2,
   "metadata": {},
   "outputs": [
    {
     "name": "stdout",
     "output_type": "stream",
     "text": [
      "---- 899.2179346846492\n"
     ]
    }
   ],
   "source": [
    "from math import *\n",
    "\n",
    "def calcDistance(Lat_A, Lng_A, Lat_B, Lng_B):\n",
    "    EARTH_RADIUS = 6378.137;\n",
    "    radLat1 = radians(Lat_A)\n",
    "    radLat2 = radians(Lat_B)\n",
    "    a=radLat1-radLat2\n",
    "    b=radians(Lng_A)-radians(Lng_B)\n",
    " \n",
    "    s = 2 * asin(sqrt(pow(sin(a/2),2)+cos(radLat1)*cos(radLat2)*pow(sin(b/2),2)));  \n",
    "    s = s * EARTH_RADIUS;  \n",
    "    return s;  \n",
    "\n",
    "Lat_A=32.060255; Lng_A=118.796877 # 南京\n",
    "Lat_B=39.904211; Lng_B=116.407395 # 北京\n",
    "distance=calcDistance(Lat_A,Lng_A,Lat_B,Lng_B)\n",
    "print(\"----\",distance)\n"
   ]
  },
  {
   "cell_type": "code",
   "execution_count": 3,
   "metadata": {},
   "outputs": [],
   "source": [
    "import numpy as np\n",
    "import pandas as pd\n",
    "def readData():\n",
    "    train = pd.read_csv(\"Data.csv\",encoding=\"big5\")\n",
    "    return train"
   ]
  },
  {
   "cell_type": "code",
   "execution_count": 10,
   "metadata": {},
   "outputs": [
    {
     "name": "stdout",
     "output_type": "stream",
     "text": [
      "     科系         緯度          經度\n",
      "0   中文系  23.000364  120.217986\n",
      "1   外文系  23.000753  120.217760\n",
      "2   歷史系  22.999482  120.217358\n",
      "3   台文系  23.001983  120.215558\n",
      "4   數學系  22.998655  120.219426\n",
      "5   物理系  22.997538  120.219652\n",
      "6   化學系  22.997958  120.219689\n",
      "7   地科系  22.997481  120.218663\n",
      "8   光電系  22.996574  120.218577\n",
      "9   機械系  22.997204  120.223626\n",
      "10  化工系  22.997767  120.222533\n",
      "11  資源系  22.997934  120.220845\n",
      "12  材料系  22.998562  120.220937\n",
      "13  土木系  22.999267  120.221152\n",
      "14  水利系  23.000400  120.221363\n",
      "15  會計系  22.997606  120.217060\n",
      "16  統計系  22.998292  120.217722\n",
      "17  工資系  22.997857  120.217205\n",
      "18  企管系  22.997966  120.217835\n",
      "19  交管系  22.998362  120.217423\n",
      "20  護理系  23.001441  120.220876\n",
      "21  醫技系  23.002018  120.221883\n",
      "22  醫學系  23.002386  120.220905\n",
      "23  物治系  23.001447  120.221687\n",
      "24  職治系  23.001328  120.221676\n",
      "{0: '中文系', 1: '外文系', 2: '歷史系', 3: '台文系', 4: '數學系', 5: '物理系', 6: '化學系', 7: '地科系', 8: '光電系', 9: '機械系', 10: '化工系', 11: '資源系', 12: '材料系', 13: '土木系', 14: '水利系', 15: '會計系', 16: '統計系', 17: '工資系', 18: '企管系', 19: '交管系', 20: '護理系', 21: '醫技系', 22: '醫學系', 23: '物治系', 24: '職治系'}\n"
     ]
    }
   ],
   "source": [
    "data=readData()\n",
    "mapping={}\n",
    "print(data)\n",
    "for i in range(len(data[\"科系\"])):\n",
    "    mapping[i]=data[\"科系\"][i]\n",
    "print(mapping)"
   ]
  },
  {
   "cell_type": "code",
   "execution_count": 5,
   "metadata": {},
   "outputs": [
    {
     "name": "stdout",
     "output_type": "stream",
     "text": [
      "[[0. 0. 0. 0. 0. 0. 0. 0. 0. 0. 0. 0. 0. 0. 0. 0. 0. 0. 0. 0. 0. 0. 0. 0.\n",
      "  0.]\n",
      " [0. 0. 0. 0. 0. 0. 0. 0. 0. 0. 0. 0. 0. 0. 0. 0. 0. 0. 0. 0. 0. 0. 0. 0.\n",
      "  0.]\n",
      " [0. 0. 0. 0. 0. 0. 0. 0. 0. 0. 0. 0. 0. 0. 0. 0. 0. 0. 0. 0. 0. 0. 0. 0.\n",
      "  0.]\n",
      " [0. 0. 0. 0. 0. 0. 0. 0. 0. 0. 0. 0. 0. 0. 0. 0. 0. 0. 0. 0. 0. 0. 0. 0.\n",
      "  0.]\n",
      " [0. 0. 0. 0. 0. 0. 0. 0. 0. 0. 0. 0. 0. 0. 0. 0. 0. 0. 0. 0. 0. 0. 0. 0.\n",
      "  0.]\n",
      " [0. 0. 0. 0. 0. 0. 0. 0. 0. 0. 0. 0. 0. 0. 0. 0. 0. 0. 0. 0. 0. 0. 0. 0.\n",
      "  0.]\n",
      " [0. 0. 0. 0. 0. 0. 0. 0. 0. 0. 0. 0. 0. 0. 0. 0. 0. 0. 0. 0. 0. 0. 0. 0.\n",
      "  0.]\n",
      " [0. 0. 0. 0. 0. 0. 0. 0. 0. 0. 0. 0. 0. 0. 0. 0. 0. 0. 0. 0. 0. 0. 0. 0.\n",
      "  0.]\n",
      " [0. 0. 0. 0. 0. 0. 0. 0. 0. 0. 0. 0. 0. 0. 0. 0. 0. 0. 0. 0. 0. 0. 0. 0.\n",
      "  0.]\n",
      " [0. 0. 0. 0. 0. 0. 0. 0. 0. 0. 0. 0. 0. 0. 0. 0. 0. 0. 0. 0. 0. 0. 0. 0.\n",
      "  0.]\n",
      " [0. 0. 0. 0. 0. 0. 0. 0. 0. 0. 0. 0. 0. 0. 0. 0. 0. 0. 0. 0. 0. 0. 0. 0.\n",
      "  0.]\n",
      " [0. 0. 0. 0. 0. 0. 0. 0. 0. 0. 0. 0. 0. 0. 0. 0. 0. 0. 0. 0. 0. 0. 0. 0.\n",
      "  0.]\n",
      " [0. 0. 0. 0. 0. 0. 0. 0. 0. 0. 0. 0. 0. 0. 0. 0. 0. 0. 0. 0. 0. 0. 0. 0.\n",
      "  0.]\n",
      " [0. 0. 0. 0. 0. 0. 0. 0. 0. 0. 0. 0. 0. 0. 0. 0. 0. 0. 0. 0. 0. 0. 0. 0.\n",
      "  0.]\n",
      " [0. 0. 0. 0. 0. 0. 0. 0. 0. 0. 0. 0. 0. 0. 0. 0. 0. 0. 0. 0. 0. 0. 0. 0.\n",
      "  0.]\n",
      " [0. 0. 0. 0. 0. 0. 0. 0. 0. 0. 0. 0. 0. 0. 0. 0. 0. 0. 0. 0. 0. 0. 0. 0.\n",
      "  0.]\n",
      " [0. 0. 0. 0. 0. 0. 0. 0. 0. 0. 0. 0. 0. 0. 0. 0. 0. 0. 0. 0. 0. 0. 0. 0.\n",
      "  0.]\n",
      " [0. 0. 0. 0. 0. 0. 0. 0. 0. 0. 0. 0. 0. 0. 0. 0. 0. 0. 0. 0. 0. 0. 0. 0.\n",
      "  0.]\n",
      " [0. 0. 0. 0. 0. 0. 0. 0. 0. 0. 0. 0. 0. 0. 0. 0. 0. 0. 0. 0. 0. 0. 0. 0.\n",
      "  0.]\n",
      " [0. 0. 0. 0. 0. 0. 0. 0. 0. 0. 0. 0. 0. 0. 0. 0. 0. 0. 0. 0. 0. 0. 0. 0.\n",
      "  0.]\n",
      " [0. 0. 0. 0. 0. 0. 0. 0. 0. 0. 0. 0. 0. 0. 0. 0. 0. 0. 0. 0. 0. 0. 0. 0.\n",
      "  0.]\n",
      " [0. 0. 0. 0. 0. 0. 0. 0. 0. 0. 0. 0. 0. 0. 0. 0. 0. 0. 0. 0. 0. 0. 0. 0.\n",
      "  0.]\n",
      " [0. 0. 0. 0. 0. 0. 0. 0. 0. 0. 0. 0. 0. 0. 0. 0. 0. 0. 0. 0. 0. 0. 0. 0.\n",
      "  0.]\n",
      " [0. 0. 0. 0. 0. 0. 0. 0. 0. 0. 0. 0. 0. 0. 0. 0. 0. 0. 0. 0. 0. 0. 0. 0.\n",
      "  0.]\n",
      " [0. 0. 0. 0. 0. 0. 0. 0. 0. 0. 0. 0. 0. 0. 0. 0. 0. 0. 0. 0. 0. 0. 0. 0.\n",
      "  0.]]\n"
     ]
    }
   ],
   "source": [
    "distance = np.zeros(shape=(len(data[\"科系\"]),len(data[\"科系\"])))\n",
    "print(distance)"
   ]
  },
  {
   "cell_type": "code",
   "execution_count": 6,
   "metadata": {},
   "outputs": [
    {
     "name": "stdout",
     "output_type": "stream",
     "text": [
      "[[0.         0.04910676 0.11739312 0.30721428 0.2407621  0.35792501\n",
      "  0.31966915 0.32834628 0.4262252  0.67657426 0.5483359  0.39875001\n",
      "  0.3628767  0.34664331 0.34606386 0.32134795 0.23223498 0.29032613\n",
      "  0.2673922  0.23020762 0.31948524 0.43972673 0.37433911 0.39794096\n",
      "  0.39304562]\n",
      " [0.04910676 0.         0.14736164 0.26393168 0.28928986 0.40703096\n",
      "  0.36861717 0.37580697 0.47267723 0.71930312 0.59135552 0.44543186\n",
      "  0.4067794  0.384935   0.37128365 0.35759046 0.27398494 0.32735913\n",
      "  0.31034259 0.2683957  0.32835128 0.44533066 0.3700004  0.40974594\n",
      "  0.40634306]\n",
      " [0.11739312 0.14736164 0.         0.33396437 0.23104326 0.31951312\n",
      "  0.29297713 0.25980777 0.34698124 0.69053824 0.56360754 0.39669931\n",
      "  0.38077451 0.38950949 0.42292496 0.21105611 0.13762122 0.18157231\n",
      "  0.17569628 0.12485562 0.42131787 0.54285458 0.48642279 0.49459275\n",
      "  0.48785605]\n",
      " [0.30721428 0.26393168 0.33396437 0.         0.54253579 0.64871686\n",
      "  0.61639684 0.59362791 0.67694908 0.98310964 0.85504549 0.70474359\n",
      "  0.6699497  0.6480644  0.62038728 0.51097602 0.46689772 0.48932928\n",
      "  0.50438249 0.4460959  0.54825926 0.64812569 0.54973249 0.63085949\n",
      "  0.6311306 ]\n",
      " [0.2407621  0.28928986 0.23104326 0.54253579 0.         0.12648209\n",
      "  0.08213684 0.15229137 0.24745345 0.45969352 0.33337186 0.16608753\n",
      "  0.15517969 0.18953237 0.27772373 0.26910422 0.17922587 0.24431147\n",
      "  0.18017268 0.20782536 0.34389083 0.45115225 0.44211961 0.3876558\n",
      "  0.37642671]\n",
      " [0.35792501 0.40703096 0.31951312 0.64871686 0.12648209 0.\n",
      "  0.04690767 0.10154327 0.15378752 0.40891806 0.29632015 0.12995409\n",
      "  0.17416245 0.24631501 0.36365295 0.2657152  0.2148446  0.25325073\n",
      "  0.19219062 0.24613968 0.45222119 0.54861287 0.55473999 0.48253228\n",
      "  0.47012262]\n",
      " [0.31966915 0.36861717 0.29297713 0.61639684 0.08213684 0.04690767\n",
      "  0.         0.11778435 0.19162667 0.41207106 0.29220425 0.1184874\n",
      "  0.14448261 0.20906486 0.32143863 0.27223321 0.2049621  0.25478794\n",
      "  0.18998458 0.23651563 0.40635662 0.50478614 0.5084278  0.43905171\n",
      "  0.426839  ]\n",
      " [0.32834628 0.37580697 0.25980777 0.59362791 0.15229137 0.10154327\n",
      "  0.11778435 0.         0.10135064 0.50950322 0.39784233 0.22920965\n",
      "  0.26225826 0.32338703 0.4267718  0.16485093 0.13209259 0.15515637\n",
      "  0.10056778 0.16051076 0.49573204 0.60328437 0.5923848  0.53938496\n",
      "  0.52793701]\n",
      " [0.4262252  0.47267723 0.34698124 0.67694908 0.24745345 0.15378752\n",
      "  0.19162667 0.10135064 0.         0.52211513 0.42657961 0.27736853\n",
      "  0.32780894 0.39936779 0.51273738 0.19329428 0.21036045 0.20041076\n",
      "  0.17260595 0.23151746 0.59079331 0.69428238 0.68956608 0.62914426\n",
      "  0.61717822]\n",
      " [0.67657426 0.71930312 0.69053824 0.98310964 0.45969352 0.40891806\n",
      "  0.41207106 0.50950322 0.52211513 0.         0.12834455 0.29633464\n",
      "  0.31429096 0.34206674 0.42467779 0.67431836 0.61699792 0.66197599\n",
      "  0.59944716 0.64857239 0.54942862 0.56487198 0.64070758 0.51241804\n",
      "  0.5006826 ]\n",
      " [0.5483359  0.59135552 0.56360754 0.85504549 0.33337186 0.29632015\n",
      "  0.29220425 0.39784233 0.42657961 0.12834455 0.         0.17396848\n",
      "  0.18595401 0.21887882 0.31667634 0.56111494 0.49644303 0.54606163\n",
      "  0.4819217  0.52780237 0.44283277 0.47788354 0.5405694  0.4187278\n",
      "  0.40601936]\n",
      " [0.39875001 0.44543186 0.39669931 0.70474359 0.16608753 0.12995409\n",
      "  0.1184874  0.22920965 0.27736853 0.29633464 0.17396848 0.\n",
      "  0.07054143 0.15168687 0.27959852 0.38957072 0.32249058 0.37309557\n",
      "  0.30846035 0.3538796  0.39041038 0.4669054  0.49563251 0.40047019\n",
      "  0.3872954 ]\n",
      " [0.3628767  0.4067794  0.38077451 0.6699497  0.15517969 0.17416245\n",
      "  0.14448261 0.26225826 0.32780894 0.31429096 0.18595401 0.07054143\n",
      "  0.         0.08151395 0.20921002 0.41128917 0.33081353 0.39039334\n",
      "  0.32471667 0.36077177 0.32054976 0.39674462 0.42569836 0.33022412\n",
      "  0.31708474]\n",
      " [0.34664331 0.384935   0.38950949 0.6480644  0.18953237 0.24631501\n",
      "  0.20906486 0.32338703 0.39936779 0.34206674 0.21887882 0.15168687\n",
      "  0.08151395 0.         0.12796479 0.45827035 0.36785236 0.43384279\n",
      "  0.36946538 0.39517193 0.2436555  0.31526765 0.34812677 0.2487916\n",
      "  0.23562884]\n",
      " [0.34606386 0.37128365 0.42292496 0.62038728 0.27772373 0.36365295\n",
      "  0.32143863 0.4267718  0.51273738 0.42467779 0.31667634 0.27959852\n",
      "  0.20921002 0.12796479 0.         0.53959134 0.44075652 0.51154282\n",
      "  0.45178446 0.46311001 0.12617162 0.18783124 0.22600685 0.12118787\n",
      "  0.10816881]\n",
      " [0.32134795 0.35759046 0.21105611 0.51097602 0.26910422 0.2657152\n",
      "  0.27223321 0.16485093 0.19329428 0.67431836 0.56111494 0.38957072\n",
      "  0.41128917 0.45827035 0.53959134 0.         0.102144   0.03164621\n",
      "  0.08895422 0.09201154 0.57892555 0.6967551  0.66209682 0.6384538\n",
      "  0.62881084]\n",
      " [0.23223498 0.27398494 0.13762122 0.46689772 0.17922587 0.2148446\n",
      "  0.2049621  0.13209259 0.21036045 0.61699792 0.49644303 0.32249058\n",
      "  0.33081353 0.36785236 0.44075652 0.102144   0.         0.07177416\n",
      "  0.03809272 0.03161433 0.47679592 0.59484237 0.56043034 0.53705285\n",
      "  0.52761888]\n",
      " [0.29032613 0.32735913 0.18157231 0.48932928 0.24431147 0.25325073\n",
      "  0.25478794 0.15515637 0.20041076 0.66197599 0.54606163 0.37309557\n",
      "  0.39039334 0.43384279 0.51154282 0.03164621 0.07177416 0.\n",
      "  0.06568759 0.06049214 0.54834232 0.66658556 0.63081679 0.60880273\n",
      "  0.59932825]\n",
      " [0.2673922  0.31034259 0.17569628 0.50438249 0.18017268 0.19219062\n",
      "  0.18998458 0.10056778 0.17260595 0.59944716 0.4819217  0.30846035\n",
      "  0.32471667 0.36946538 0.45178446 0.08895422 0.03809272 0.06568759\n",
      "  0.         0.06103811 0.49673308 0.61279635 0.58400174 0.55313584\n",
      "  0.54312043]\n",
      " [0.23020762 0.2683957  0.12485562 0.4460959  0.20782536 0.24613968\n",
      "  0.23651563 0.16051076 0.23151746 0.64857239 0.52780237 0.3538796\n",
      "  0.36077177 0.39517193 0.46311001 0.09201154 0.03161433 0.06049214\n",
      "  0.06103811 0.         0.49262036 0.61196387 0.57268239 0.55574106\n",
      "  0.54675539]\n",
      " [0.31948524 0.32835128 0.42131787 0.54825926 0.34389083 0.45222119\n",
      "  0.40635662 0.49573204 0.59079331 0.54942862 0.44283277 0.39041038\n",
      "  0.32054976 0.2436555  0.12617162 0.57892555 0.47679592 0.54834232\n",
      "  0.49673308 0.49262036 0.         0.12154438 0.10523888 0.08310507\n",
      "  0.08293478]\n",
      " [0.43972673 0.44533066 0.54285458 0.64812569 0.45115225 0.54861287\n",
      "  0.50478614 0.60328437 0.69428238 0.56487198 0.47788354 0.4669054\n",
      "  0.39674462 0.31526765 0.18783124 0.6967551  0.59484237 0.66658556\n",
      "  0.61279635 0.61196387 0.12154438 0.         0.10826382 0.06666087\n",
      "  0.07968534]\n",
      " [0.37433911 0.3700004  0.48642279 0.54973249 0.44211961 0.55473999\n",
      "  0.5084278  0.5923848  0.68956608 0.64070758 0.5405694  0.49563251\n",
      "  0.42569836 0.34812677 0.22600685 0.66209682 0.56043034 0.63081679\n",
      "  0.58400174 0.57268239 0.10523888 0.10826382 0.         0.13170881\n",
      "  0.14181934]\n",
      " [0.39794096 0.40974594 0.49459275 0.63085949 0.3876558  0.48253228\n",
      "  0.43905171 0.53938496 0.62914426 0.51241804 0.4187278  0.40047019\n",
      "  0.33022412 0.2487916  0.12118787 0.6384538  0.53705285 0.60880273\n",
      "  0.55313584 0.55574106 0.08310507 0.06666087 0.13170881 0.\n",
      "  0.01329489]\n",
      " [0.39304562 0.40634306 0.48785605 0.6311306  0.37642671 0.47012262\n",
      "  0.426839   0.52793701 0.61717822 0.5006826  0.40601936 0.3872954\n",
      "  0.31708474 0.23562884 0.10816881 0.62881084 0.52761888 0.59932825\n",
      "  0.54312043 0.54675539 0.08293478 0.07968534 0.14181934 0.01329489\n",
      "  0.        ]]\n"
     ]
    }
   ],
   "source": [
    "for i in range(len(data[\"科系\"])):\n",
    "    for j in range(len(data[\"科系\"])):\n",
    "        if i==j:\n",
    "            distance[i][j]=0\n",
    "        else:\n",
    "            distance[i][j]=calcDistance(data[\"緯度\"][i],data[\"經度\"][i],data[\"緯度\"][j],data[\"經度\"][j])\n",
    "print(distance)"
   ]
  },
  {
   "cell_type": "code",
   "execution_count": 7,
   "metadata": {},
   "outputs": [
    {
     "name": "stdout",
     "output_type": "stream",
     "text": [
      "(3.171443965007293, [0, 1, 3, 2, 19, 16, 18, 17, 15, 8, 7, 5, 6, 4, 11, 9, 10, 12, 13, 14, 24, 23, 21, 22, 20])\n"
     ]
    }
   ],
   "source": [
    "distance=list(distance)\n",
    "r = range(len(distance))\n",
    "dist = {(i, j): distance[i][j] for i in r for j in r}\n",
    "ans=tsp.tsp(r, dist)\n",
    "print(ans)"
   ]
  },
  {
   "cell_type": "code",
   "execution_count": 8,
   "metadata": {},
   "outputs": [
    {
     "name": "stdout",
     "output_type": "stream",
     "text": [
      "<class 'tuple'>\n"
     ]
    }
   ],
   "source": [
    "print(type(ans))"
   ]
  },
  {
   "cell_type": "code",
   "execution_count": 11,
   "metadata": {},
   "outputs": [
    {
     "name": "stdout",
     "output_type": "stream",
     "text": [
      "中文系\n",
      "外文系\n",
      "歷史系\n",
      "台文系\n",
      "數學系\n",
      "物理系\n",
      "化學系\n",
      "地科系\n",
      "光電系\n",
      "機械系\n",
      "化工系\n",
      "資源系\n",
      "材料系\n",
      "土木系\n",
      "水利系\n",
      "會計系\n",
      "統計系\n",
      "工資系\n",
      "企管系\n",
      "交管系\n",
      "護理系\n",
      "醫技系\n",
      "醫學系\n",
      "物治系\n",
      "職治系\n"
     ]
    }
   ],
   "source": [
    "for i in range(len(ans[1])):\n",
    "    print(mapping[i])"
   ]
  },
  {
   "cell_type": "code",
   "execution_count": null,
   "metadata": {},
   "outputs": [],
   "source": []
  }
 ],
 "metadata": {
  "kernelspec": {
   "display_name": "Python 3",
   "language": "python",
   "name": "python3"
  },
  "language_info": {
   "codemirror_mode": {
    "name": "ipython",
    "version": 3
   },
   "file_extension": ".py",
   "mimetype": "text/x-python",
   "name": "python",
   "nbconvert_exporter": "python",
   "pygments_lexer": "ipython3",
   "version": "3.7.0"
  }
 },
 "nbformat": 4,
 "nbformat_minor": 2
}
