{
 "cells": [
  {
   "cell_type": "code",
   "execution_count": 1,
   "metadata": {},
   "outputs": [],
   "source": [
    "import tsp\n",
    "from math import *\n",
    "import numpy as np\n",
    "import pandas as pd"
   ]
  },
  {
   "cell_type": "code",
   "execution_count": 2,
   "metadata": {},
   "outputs": [],
   "source": [
    "def calcDistance(Lat_A, Lng_A, Lat_B, Lng_B):\n",
    "    EARTH_RADIUS = 6378.137;\n",
    "    radLat1 = radians(Lat_A)\n",
    "    radLat2 = radians(Lat_B)\n",
    "    a=radLat1-radLat2\n",
    "    b=radians(Lng_A)-radians(Lng_B)\n",
    " \n",
    "    s = 2 * asin(sqrt(pow(sin(a/2),2)+cos(radLat1)*cos(radLat2)*pow(sin(b/2),2)));  \n",
    "    s = s * EARTH_RADIUS;  \n",
    "    return s;"
   ]
  },
  {
   "cell_type": "code",
   "execution_count": 3,
   "metadata": {},
   "outputs": [],
   "source": [
    "def readData():\n",
    "    train = pd.read_csv(\"Data.csv\",encoding=\"big5\")\n",
    "    return train"
   ]
  },
  {
   "cell_type": "code",
   "execution_count": 4,
   "metadata": {},
   "outputs": [
    {
     "name": "stdout",
     "output_type": "stream",
     "text": [
      "        科系         緯度          經度\n",
      "0      火車站  22.997177  120.212670\n",
      "1     成大醫院  23.002023  120.219566\n",
      "2       榕園  23.000399  120.216148\n",
      "3      成功湖  23.000172  120.217304\n",
      "4       總圖  22.999948  120.219864\n",
      "5    國際會議廳  22.997754  120.215564\n",
      "6      小東門  22.999470  120.218248\n",
      "7      中正堂  22.996970  120.217453\n",
      "8   綠色魔法學校  23.001588  120.215944\n",
      "9      數學系  22.998655  120.219426\n",
      "10     物理系  22.997538  120.219652\n",
      "11     化學系  22.997958  120.219689\n",
      "12     地科系  22.997481  120.218663\n",
      "13     光電系  22.996574  120.218577\n",
      "14     機械系  22.997204  120.223626\n",
      "15     化工系  22.997767  120.222533\n",
      "16     資源系  22.997934  120.220845\n",
      "17     材料系  22.998562  120.220937\n",
      "18     土木系  22.999267  120.221152\n",
      "19     水利系  23.000400  120.221363\n",
      "20     工科系  22.996589  120.220800\n",
      "21     能源系  22.995446  120.223036\n",
      "22     系統系  22.996545  120.223718\n",
      "23     航太系  22.995446  120.223036\n",
      "24     環工系  23.000034  120.220792\n",
      "25     測量系  22.998669  120.219830\n",
      "26     醫工系  23.002018  120.221883\n",
      "27     電機系  22.996888  120.222521\n",
      "28     資訊系  22.997336  120.220845\n",
      "{0: '火車站', 1: '成大醫院', 2: '榕園', 3: '成功湖', 4: '總圖', 5: '國際會議廳', 6: '小東門', 7: '中正堂', 8: '綠色魔法學校', 9: '數學系', 10: '物理系', 11: '化學系', 12: '地科系', 13: '光電系', 14: '機械系', 15: '化工系', 16: '資源系', 17: '材料系', 18: '土木系', 19: '水利系', 20: '工科系', 21: '能源系', 22: '系統系', 23: '航太系', 24: '環工系', 25: '測量系', 26: '醫工系', 27: '電機系', 28: '資訊系'}\n"
     ]
    }
   ],
   "source": [
    "data=readData()\n",
    "mapping={}\n",
    "print(data)\n",
    "for i in range(len(data[\"科系\"])):\n",
    "    mapping[i]=data[\"科系\"][i]\n",
    "print(mapping)"
   ]
  },
  {
   "cell_type": "code",
   "execution_count": 5,
   "metadata": {},
   "outputs": [
    {
     "name": "stdout",
     "output_type": "stream",
     "text": [
      "[[0. 0. 0. 0. 0. 0. 0. 0. 0. 0. 0. 0. 0. 0. 0. 0. 0. 0. 0. 0. 0. 0. 0. 0.\n",
      "  0. 0. 0. 0. 0.]\n",
      " [0. 0. 0. 0. 0. 0. 0. 0. 0. 0. 0. 0. 0. 0. 0. 0. 0. 0. 0. 0. 0. 0. 0. 0.\n",
      "  0. 0. 0. 0. 0.]\n",
      " [0. 0. 0. 0. 0. 0. 0. 0. 0. 0. 0. 0. 0. 0. 0. 0. 0. 0. 0. 0. 0. 0. 0. 0.\n",
      "  0. 0. 0. 0. 0.]\n",
      " [0. 0. 0. 0. 0. 0. 0. 0. 0. 0. 0. 0. 0. 0. 0. 0. 0. 0. 0. 0. 0. 0. 0. 0.\n",
      "  0. 0. 0. 0. 0.]\n",
      " [0. 0. 0. 0. 0. 0. 0. 0. 0. 0. 0. 0. 0. 0. 0. 0. 0. 0. 0. 0. 0. 0. 0. 0.\n",
      "  0. 0. 0. 0. 0.]\n",
      " [0. 0. 0. 0. 0. 0. 0. 0. 0. 0. 0. 0. 0. 0. 0. 0. 0. 0. 0. 0. 0. 0. 0. 0.\n",
      "  0. 0. 0. 0. 0.]\n",
      " [0. 0. 0. 0. 0. 0. 0. 0. 0. 0. 0. 0. 0. 0. 0. 0. 0. 0. 0. 0. 0. 0. 0. 0.\n",
      "  0. 0. 0. 0. 0.]\n",
      " [0. 0. 0. 0. 0. 0. 0. 0. 0. 0. 0. 0. 0. 0. 0. 0. 0. 0. 0. 0. 0. 0. 0. 0.\n",
      "  0. 0. 0. 0. 0.]\n",
      " [0. 0. 0. 0. 0. 0. 0. 0. 0. 0. 0. 0. 0. 0. 0. 0. 0. 0. 0. 0. 0. 0. 0. 0.\n",
      "  0. 0. 0. 0. 0.]\n",
      " [0. 0. 0. 0. 0. 0. 0. 0. 0. 0. 0. 0. 0. 0. 0. 0. 0. 0. 0. 0. 0. 0. 0. 0.\n",
      "  0. 0. 0. 0. 0.]\n",
      " [0. 0. 0. 0. 0. 0. 0. 0. 0. 0. 0. 0. 0. 0. 0. 0. 0. 0. 0. 0. 0. 0. 0. 0.\n",
      "  0. 0. 0. 0. 0.]\n",
      " [0. 0. 0. 0. 0. 0. 0. 0. 0. 0. 0. 0. 0. 0. 0. 0. 0. 0. 0. 0. 0. 0. 0. 0.\n",
      "  0. 0. 0. 0. 0.]\n",
      " [0. 0. 0. 0. 0. 0. 0. 0. 0. 0. 0. 0. 0. 0. 0. 0. 0. 0. 0. 0. 0. 0. 0. 0.\n",
      "  0. 0. 0. 0. 0.]\n",
      " [0. 0. 0. 0. 0. 0. 0. 0. 0. 0. 0. 0. 0. 0. 0. 0. 0. 0. 0. 0. 0. 0. 0. 0.\n",
      "  0. 0. 0. 0. 0.]\n",
      " [0. 0. 0. 0. 0. 0. 0. 0. 0. 0. 0. 0. 0. 0. 0. 0. 0. 0. 0. 0. 0. 0. 0. 0.\n",
      "  0. 0. 0. 0. 0.]\n",
      " [0. 0. 0. 0. 0. 0. 0. 0. 0. 0. 0. 0. 0. 0. 0. 0. 0. 0. 0. 0. 0. 0. 0. 0.\n",
      "  0. 0. 0. 0. 0.]\n",
      " [0. 0. 0. 0. 0. 0. 0. 0. 0. 0. 0. 0. 0. 0. 0. 0. 0. 0. 0. 0. 0. 0. 0. 0.\n",
      "  0. 0. 0. 0. 0.]\n",
      " [0. 0. 0. 0. 0. 0. 0. 0. 0. 0. 0. 0. 0. 0. 0. 0. 0. 0. 0. 0. 0. 0. 0. 0.\n",
      "  0. 0. 0. 0. 0.]\n",
      " [0. 0. 0. 0. 0. 0. 0. 0. 0. 0. 0. 0. 0. 0. 0. 0. 0. 0. 0. 0. 0. 0. 0. 0.\n",
      "  0. 0. 0. 0. 0.]\n",
      " [0. 0. 0. 0. 0. 0. 0. 0. 0. 0. 0. 0. 0. 0. 0. 0. 0. 0. 0. 0. 0. 0. 0. 0.\n",
      "  0. 0. 0. 0. 0.]\n",
      " [0. 0. 0. 0. 0. 0. 0. 0. 0. 0. 0. 0. 0. 0. 0. 0. 0. 0. 0. 0. 0. 0. 0. 0.\n",
      "  0. 0. 0. 0. 0.]\n",
      " [0. 0. 0. 0. 0. 0. 0. 0. 0. 0. 0. 0. 0. 0. 0. 0. 0. 0. 0. 0. 0. 0. 0. 0.\n",
      "  0. 0. 0. 0. 0.]\n",
      " [0. 0. 0. 0. 0. 0. 0. 0. 0. 0. 0. 0. 0. 0. 0. 0. 0. 0. 0. 0. 0. 0. 0. 0.\n",
      "  0. 0. 0. 0. 0.]\n",
      " [0. 0. 0. 0. 0. 0. 0. 0. 0. 0. 0. 0. 0. 0. 0. 0. 0. 0. 0. 0. 0. 0. 0. 0.\n",
      "  0. 0. 0. 0. 0.]\n",
      " [0. 0. 0. 0. 0. 0. 0. 0. 0. 0. 0. 0. 0. 0. 0. 0. 0. 0. 0. 0. 0. 0. 0. 0.\n",
      "  0. 0. 0. 0. 0.]\n",
      " [0. 0. 0. 0. 0. 0. 0. 0. 0. 0. 0. 0. 0. 0. 0. 0. 0. 0. 0. 0. 0. 0. 0. 0.\n",
      "  0. 0. 0. 0. 0.]\n",
      " [0. 0. 0. 0. 0. 0. 0. 0. 0. 0. 0. 0. 0. 0. 0. 0. 0. 0. 0. 0. 0. 0. 0. 0.\n",
      "  0. 0. 0. 0. 0.]\n",
      " [0. 0. 0. 0. 0. 0. 0. 0. 0. 0. 0. 0. 0. 0. 0. 0. 0. 0. 0. 0. 0. 0. 0. 0.\n",
      "  0. 0. 0. 0. 0.]\n",
      " [0. 0. 0. 0. 0. 0. 0. 0. 0. 0. 0. 0. 0. 0. 0. 0. 0. 0. 0. 0. 0. 0. 0. 0.\n",
      "  0. 0. 0. 0. 0.]]\n"
     ]
    }
   ],
   "source": [
    "distance = np.zeros(shape=(len(data[\"科系\"]),len(data[\"科系\"])))\n",
    "print(distance)"
   ]
  },
  {
   "cell_type": "code",
   "execution_count": 6,
   "metadata": {},
   "outputs": [
    {
     "name": "stdout",
     "output_type": "stream",
     "text": [
      "[[0.         0.88901378 0.50563038 0.58020731 0.79911378 0.30343042\n",
      "  0.62599153 0.49066665 0.59469608 0.7115813  0.71658818 0.72448629\n",
      "  0.61504736 0.60901567 1.12269015 1.01281362 0.84193632 0.86104972\n",
      "  0.89976337 0.96032055 0.83566885 1.07957071 1.13430026 1.07957071\n",
      "  0.8909682  0.7522615  1.08704196 1.00996798 0.83789732]\n",
      " [0.88901378 0.         0.39414507 0.31013243 0.23299757 0.62769991\n",
      "  0.31465648 0.60273071 0.37428753 0.3751984  0.49934568 0.45268922\n",
      "  0.51401028 0.61498755 0.67886525 0.5629362  0.47367741 0.41009092\n",
      "  0.3471827  0.25797035 0.61798507 0.81392535 0.74355949 0.81392535\n",
      "  0.25457144 0.37434431 0.23742039 0.64687242 0.53796313]\n",
      " [0.50563038 0.39414507 0.         0.12112055 0.38407399 0.30045986\n",
      "  0.23874764 0.40446052 0.1339994  0.38796707 0.47995358 0.4533178\n",
      "  0.41464614 0.49320959 0.84479631 0.71688369 0.55403198 0.53163429\n",
      "  0.52801843 0.53438017 0.63806219 0.89565225 0.88644522 0.89565225\n",
      "  0.47760202 0.42360432 0.61467625 0.76107205 0.58984518]\n",
      " [0.58020731 0.31013243 0.12112055 0.         0.2635059  0.32286754\n",
      "  0.12435396 0.35677186 0.21039842 0.27531602 0.37929491 0.34708949\n",
      "  0.33034749 0.42123446 0.72721086 0.5989819  0.44014414 0.41317139\n",
      "  0.40697237 0.41669907 0.53611874 0.7885293  0.77136124 0.7885293\n",
      "  0.35774553 0.30820804 0.51223398 0.6476364  0.48096568]\n",
      " [0.79911378 0.23299757 0.38407399 0.2635059  0.         0.50378704\n",
      "  0.17393137 0.41344446 0.44122209 0.15077138 0.26915808 0.22225041\n",
      "  0.30093965 0.39807268 0.49184747 0.3657123  0.2457022  0.18945784\n",
      "  0.15220435 0.16163378 0.38602739 0.59733844 0.54723901 0.59733844\n",
      "  0.09557298 0.14242025 0.30967773 0.43607678 0.30765286]\n",
      " [0.30343042 0.62769991 0.30045986 0.32286754 0.50378704 0.\n",
      "  0.334863   0.21233494 0.42857152 0.40825715 0.41959472 0.42330559\n",
      "  0.31901138 0.33553033 0.82839529 0.71412766 0.54152425 0.55787824\n",
      "  0.59686597 0.66322534 0.55199561 0.80763269 0.84632866 0.80763269\n",
      "  0.59280077 0.44885326 0.80285516 0.71938741 0.54315145]\n",
      " [0.62599153 0.31465648 0.23874764 0.12435396 0.17393137 0.334863\n",
      "  0.         0.28997707 0.33365897 0.15100383 0.25875329 0.22390555\n",
      "  0.22546129 0.32413924 0.6060788  0.47826628 0.31631469 0.29349852\n",
      "  0.29843146 0.3355638  0.41381404 0.66436645 0.64823152 0.66436645\n",
      "  0.26813851 0.18501357 0.46817928 0.52377123 0.3567234 ]\n",
      " [0.49066665 0.60273071 0.40446052 0.35677186 0.41344446 0.21233494\n",
      "  0.28997707 0.         0.53682527 0.27578839 0.23403944 0.25415709\n",
      "  0.13641733 0.12332685 0.63309789 0.52806495 0.36377379 0.39857824\n",
      "  0.45722642 0.55346284 0.34558816 0.59673079 0.64373169 0.59673079\n",
      "  0.48312033 0.30838261 0.72238698 0.51941066 0.34996575]\n",
      " [0.59469608 0.37428753 0.1339994  0.21039842 0.44122209 0.42857152\n",
      "  0.33365897 0.53682527 0.         0.48364141 0.58960175 0.55727334\n",
      "  0.53539657 0.61994609 0.92618516 0.79799031 0.6462714  0.6125669\n",
      "  0.59291846 0.5708126  0.74651249 0.99780251 0.97454452 0.99780251\n",
      "  0.52603074 0.5139544  0.61044162 0.85319888 0.69011211]\n",
      " [0.7115813  0.3751984  0.38796707 0.27531602 0.15077138 0.40825715\n",
      "  0.15100383 0.27578839 0.48364141 0.         0.12648209 0.08213684\n",
      "  0.15229137 0.24745345 0.45969352 0.33337186 0.16608753 0.15517969\n",
      "  0.18953237 0.27772373 0.26966132 0.51425077 0.4986011  0.51425077\n",
      "  0.20774541 0.04142767 0.45115225 0.37319674 0.2066457 ]\n",
      " [0.71658818 0.49934568 0.47995358 0.37929491 0.26915808 0.41959472\n",
      "  0.25875329 0.23403944 0.58960175 0.12648209 0.         0.04690767\n",
      "  0.10154327 0.15378752 0.40891806 0.29632015 0.12995409 0.17416245\n",
      "  0.24631501 0.36365295 0.15811084 0.41770955 0.43106683 0.41770955\n",
      "  0.30141127 0.12721673 0.54861287 0.30276632 0.12430007]\n",
      " [0.72448629 0.45268922 0.4533178  0.34708949 0.22225041 0.42330559\n",
      "  0.22390555 0.25415709 0.55727334 0.08213684 0.04690767 0.\n",
      "  0.11778435 0.19162667 0.41207106 0.29220425 0.1184874  0.14448261\n",
      "  0.20906486 0.32143863 0.19022542 0.44252453 0.44180922 0.44252453\n",
      "  0.25725787 0.08045613 0.50478614 0.31369448 0.13720957]\n",
      " [0.61504736 0.51401028 0.41464614 0.33034749 0.30093965 0.31901138\n",
      "  0.22546129 0.13641733 0.53539657 0.15229137 0.10154327 0.11778435\n",
      "  0.         0.10135064 0.50950322 0.39784233 0.22920965 0.26225826\n",
      "  0.32338703 0.4267718  0.24044471 0.50211951 0.52837346 0.50211951\n",
      "  0.35827792 0.17829703 0.60328437 0.40081141 0.22417599]\n",
      " [0.60901567 0.61498755 0.49320959 0.42123446 0.39807268 0.33553033\n",
      "  0.32413924 0.12332685 0.61994609 0.24745345 0.15378752 0.19162667\n",
      "  0.10135064 0.         0.52211513 0.42657961 0.27736853 0.32780894\n",
      "  0.39936779 0.51273738 0.22780299 0.47386755 0.52682226 0.47386755\n",
      "  0.44706789 0.26622322 0.69428238 0.40566074 0.24740373]\n",
      " [1.12269015 0.67886525 0.84479631 0.72721086 0.49184747 0.82839529\n",
      "  0.6060788  0.63309789 0.92618516 0.45969352 0.40891806 0.41207106\n",
      "  0.50950322 0.52211513 0.         0.12834455 0.29633464 0.31429096\n",
      "  0.34206674 0.42467779 0.29756974 0.20482591 0.07396283 0.20482591\n",
      "  0.42846308 0.42178611 0.56487198 0.11857022 0.28535379]\n",
      " [1.01281362 0.5629362  0.71688369 0.5989819  0.3657123  0.71412766\n",
      "  0.47826628 0.52806495 0.79799031 0.33337186 0.29632015 0.29220425\n",
      "  0.39784233 0.42657961 0.12834455 0.         0.17396848 0.18595401\n",
      "  0.21887882 0.31667634 0.22075429 0.26346371 0.18234578 0.26346371\n",
      "  0.30905254 0.29461901 0.47788354 0.09785756 0.17950353]\n",
      " [0.84193632 0.47367741 0.55403198 0.44014414 0.2457022  0.54152425\n",
      "  0.31631469 0.36377379 0.6462714  0.16608753 0.12995409 0.1184874\n",
      "  0.22920965 0.27736853 0.29633464 0.17396848 0.         0.07054143\n",
      "  0.15168687 0.27959852 0.14979571 0.35653412 0.33253745 0.35653412\n",
      "  0.23383401 0.13233386 0.4669054  0.20749471 0.06656906]\n",
      " [0.86104972 0.41009092 0.53163429 0.41317139 0.18945784 0.55787824\n",
      "  0.29349852 0.39857824 0.6125669  0.15517969 0.17416245 0.14448261\n",
      "  0.26225826 0.32780894 0.31429096 0.18595401 0.07054143 0.\n",
      "  0.08151395 0.20921002 0.22008156 0.40814628 0.36280143 0.40814628\n",
      "  0.16453455 0.11405925 0.39674462 0.24712787 0.13680291]\n",
      " [0.89976337 0.3471827  0.52801843 0.40697237 0.15220435 0.59686597\n",
      "  0.29843146 0.45722642 0.59291846 0.18953237 0.24631501 0.20906486\n",
      "  0.32338703 0.39936779 0.34206674 0.21887882 0.15168687 0.08151395\n",
      "  0.         0.12796479 0.3002878  0.46711383 0.40119171 0.46711383\n",
      "  0.09301031 0.15093914 0.31526765 0.29968972 0.21724771]\n",
      " [0.96032055 0.25797035 0.53438017 0.41669907 0.16163378 0.66322534\n",
      "  0.3355638  0.55346284 0.5708126  0.27772373 0.36365295 0.32143863\n",
      "  0.4267718  0.51273738 0.42467779 0.31667634 0.27959852 0.20921002\n",
      "  0.12796479 0.         0.42814327 0.57750899 0.49233479 0.57750899\n",
      "  0.0712983  0.24861094 0.18783124 0.40856535 0.34518841]\n",
      " [0.83566885 0.61798507 0.63806219 0.53611874 0.38602739 0.55199561\n",
      "  0.41381404 0.34558816 0.74651249 0.26966132 0.15811084 0.19022542\n",
      "  0.24044471 0.22780299 0.29756974 0.22075429 0.14979571 0.22008156\n",
      "  0.3002878  0.42814327 0.         0.26208796 0.29905556 0.26208796\n",
      "  0.38349652 0.25197776 0.61445812 0.17946886 0.08328342]\n",
      " [1.07957071 0.81392535 0.89565225 0.7885293  0.59733844 0.80763269\n",
      "  0.66436645 0.59673079 0.99780251 0.51425077 0.41770955 0.44252453\n",
      "  0.50211951 0.47386755 0.20482591 0.26346371 0.35653412 0.40814628\n",
      "  0.46711383 0.57750899 0.26208796 0.         0.14089449 0.\n",
      "  0.56011122 0.48647162 0.7410706  0.16897513 0.30769128]\n",
      " [1.13430026 0.74355949 0.88644522 0.77136124 0.54723901 0.84632866\n",
      "  0.64823152 0.64373169 0.97454452 0.4986011  0.43106683 0.44180922\n",
      "  0.52837346 0.52682226 0.07396283 0.18234578 0.33253745 0.36280143\n",
      "  0.40119171 0.49233479 0.29905556 0.14089449 0.         0.14089449\n",
      "  0.49066133 0.46328865 0.63760815 0.12846525 0.30728943]\n",
      " [1.07957071 0.81392535 0.89565225 0.7885293  0.59733844 0.80763269\n",
      "  0.66436645 0.59673079 0.99780251 0.51425077 0.41770955 0.44252453\n",
      "  0.50211951 0.47386755 0.20482591 0.26346371 0.35653412 0.40814628\n",
      "  0.46711383 0.57750899 0.26208796 0.         0.14089449 0.\n",
      "  0.56011122 0.48647162 0.7410706  0.16897513 0.30769128]\n",
      " [0.8909682  0.25457144 0.47760202 0.35774553 0.09557298 0.59280077\n",
      "  0.26813851 0.48312033 0.52603074 0.20774541 0.30141127 0.25725787\n",
      "  0.35827792 0.44706789 0.42846308 0.30905254 0.23383401 0.16453455\n",
      "  0.09301031 0.0712983  0.38349652 0.56011122 0.49066133 0.56011122\n",
      "  0.         0.18112568 0.24754012 0.39247682 0.30038909]\n",
      " [0.7522615  0.37434431 0.42360432 0.30820804 0.14242025 0.44885326\n",
      "  0.18501357 0.30838261 0.5139544  0.04142767 0.12721673 0.08045613\n",
      "  0.17829703 0.26622322 0.42178611 0.29461901 0.13233386 0.11405925\n",
      "  0.15093914 0.24861094 0.25197776 0.48647162 0.46328865 0.48647162\n",
      "  0.18112568 0.         0.42806815 0.33962628 0.18121003]\n",
      " [1.08704196 0.23742039 0.61467625 0.51223398 0.30967773 0.80285516\n",
      "  0.46817928 0.72238698 0.61044162 0.45115225 0.54861287 0.50478614\n",
      "  0.60328437 0.69428238 0.56487198 0.47788354 0.4669054  0.39674462\n",
      "  0.31526765 0.18783124 0.61445812 0.7410706  0.63760815 0.7410706\n",
      "  0.24754012 0.42806815 0.         0.57479895 0.53194037]\n",
      " [1.00996798 0.64687242 0.76107205 0.6476364  0.43607678 0.71938741\n",
      "  0.52377123 0.51941066 0.85319888 0.37319674 0.30276632 0.31369448\n",
      "  0.40081141 0.40566074 0.11857022 0.09785756 0.20749471 0.24712787\n",
      "  0.29968972 0.40856535 0.17946886 0.16897513 0.12846525 0.16897513\n",
      "  0.39247682 0.33962628 0.57479895 0.         0.17883791]\n",
      " [0.83789732 0.53796313 0.58984518 0.48096568 0.30765286 0.54315145\n",
      "  0.3567234  0.34996575 0.69011211 0.2066457  0.12430007 0.13720957\n",
      "  0.22417599 0.24740373 0.28535379 0.17950353 0.06656906 0.13680291\n",
      "  0.21724771 0.34518841 0.08328342 0.30769128 0.30728943 0.30769128\n",
      "  0.30038909 0.18121003 0.53194037 0.17883791 0.        ]]\n"
     ]
    }
   ],
   "source": [
    "for i in range(len(data[\"科系\"])):\n",
    "    for j in range(len(data[\"科系\"])):\n",
    "        if i==j:\n",
    "            distance[i][j]=0\n",
    "        else:\n",
    "            distance[i][j]=calcDistance(data[\"緯度\"][i],data[\"經度\"][i],data[\"緯度\"][j],data[\"經度\"][j])\n",
    "print(distance)"
   ]
  },
  {
   "cell_type": "code",
   "execution_count": 11,
   "metadata": {},
   "outputs": [
    {
     "name": "stdout",
     "output_type": "stream",
     "text": [
      "(4.224417621283228, [0, 8, 2, 3, 6, 4, 1, 26, 19, 24, 18, 17, 15, 14, 22, 21, 23, 27, 20, 28, 16, 25, 9, 11, 10, 12, 13, 7, 5])\n"
     ]
    }
   ],
   "source": [
    "distance=list(distance)\n",
    "r = range(len(distance))\n",
    "dist = {(i, j): distance[i][j] for i in r for j in r}\n",
    "ans=tsp.tsp(r, dist)\n",
    "print(ans)"
   ]
  },
  {
   "cell_type": "code",
   "execution_count": 10,
   "metadata": {},
   "outputs": [
    {
     "name": "stdout",
     "output_type": "stream",
     "text": [
      "<class 'tuple'>\n",
      "<class 'dict'>\n",
      "range(0, 29)\n"
     ]
    }
   ],
   "source": [
    "print(type(ans))\n",
    "print(type(dist))\n",
    "print(r)"
   ]
  },
  {
   "cell_type": "code",
   "execution_count": 9,
   "metadata": {},
   "outputs": [
    {
     "name": "stdout",
     "output_type": "stream",
     "text": [
      "火車站\n",
      "國際會議廳\n",
      "中正堂\n",
      "光電系\n",
      "地科系\n",
      "物理系\n",
      "化學系\n",
      "數學系\n",
      "測量系\n",
      "資源系\n",
      "資訊系\n",
      "工科系\n",
      "電機系\n",
      "航太系\n",
      "能源系\n",
      "系統系\n",
      "機械系\n",
      "化工系\n",
      "材料系\n",
      "土木系\n",
      "環工系\n",
      "水利系\n",
      "醫工系\n",
      "成大醫院\n",
      "總圖\n",
      "小東門\n",
      "成功湖\n",
      "榕園\n",
      "綠色魔法學校\n"
     ]
    }
   ],
   "source": [
    "for i in ans[1]:\n",
    "    print(mapping[i])"
   ]
  },
  {
   "cell_type": "code",
   "execution_count": null,
   "metadata": {},
   "outputs": [],
   "source": []
  }
 ],
 "metadata": {
  "kernelspec": {
   "display_name": "Python 3",
   "language": "python",
   "name": "python3"
  },
  "language_info": {
   "codemirror_mode": {
    "name": "ipython",
    "version": 3
   },
   "file_extension": ".py",
   "mimetype": "text/x-python",
   "name": "python",
   "nbconvert_exporter": "python",
   "pygments_lexer": "ipython3",
   "version": "3.7.0"
  }
 },
 "nbformat": 4,
 "nbformat_minor": 2
}
